0 3
35 3
0 140733889393640
36 140733889393640
0 140733889393316
37 140733889393316
0 140733889393312
38 140733889393312
0 140733889393304
39 140733889393304
0 140733889393300
40 140733889393300
0 140733889393296
41 140733889393296
0 140733889393292
42 140733889393292
0 3
46 3
0 0
47 0
0 140733889393640
55 140733889393640
0 140733889393648
56 140733889393648
0 140733889399992
57 140733889399992
0 5
58 5
0 140733889393640
60 140733889393640
0 140733889393656
61 140733889393656
0 140733889399994
62 140733889399994
0 3
63 3
0 5
65 5
0 3
66 3
0 5
3 5
0 3
4 3
0 140733889392980
5 140733889392980
0 140733889392976
6 140733889392976
0 140733889392972
7 140733889392972
0 140733889392968
8 140733889392968
0 140733889392964
9 140733889392964
0 5
12 5
0 3
13 3
0 8
14 8
0 5
16 5
0 3
17 3
0 2
18 2
0 8
20 8
0 0
21 0
0 8
28 8
0 2
29 2
0 10
30 10
0 10
33 10
0 10
67 10
0 10
69 10
0 11
70 11
0 0
73 0
