0 3
35 3
0 140734942447512
36 140734942447512
0 140734942447188
37 140734942447188
0 140734942447184
38 140734942447184
0 140734942447176
39 140734942447176
0 140734942447172
40 140734942447172
0 140734942447168
41 140734942447168
0 140734942447164
42 140734942447164
0 3
46 3
0 0
47 0
0 140734942447512
55 140734942447512
0 140734942447520
56 140734942447520
0 140734942452920
57 140734942452920
0 5
58 5
0 140734942447512
60 140734942447512
0 140734942447528
61 140734942447528
0 140734942452922
62 140734942452922
0 3
63 3
0 5
65 5
0 3
66 3
0 5
3 5
0 3
4 3
0 140734942446852
5 140734942446852
0 140734942446848
6 140734942446848
0 140734942446844
7 140734942446844
0 140734942446840
8 140734942446840
0 140734942446836
9 140734942446836
0 5
12 5
0 3
13 3
0 8
14 8
0 5
16 5
0 3
17 3
0 2
18 2
0 8
20 8
0 0
21 0
0 8
28 8
0 2
29 2
0 10
30 10
0 10
33 10
0 10
67 10
0 10
69 10
0 11
70 11
0 0
73 0
